JUMP!
7.43698072433 3.02302646637 4.39996004105
7.30944538116 2.8852930069 3.65502905846
7.12435770035 2.84149670601 3.17316818237
6.90518760681 2.88129091263 2.80359244347
6.73256778717 2.96469521523 2.61143445969
6.57478523254 3.07387018204 2.48263502121
6.42918539047 3.19893813133 2.39567303658
6.27081918716 3.35729455948 2.32663750648
6.14221286774 3.49984359741 2.28923678398
6.01804590225 3.6462829113 2.26324534416
5.87715482712 3.82042050362 2.24190044403
5.75883102417 3.97162556648 2.22972726822
5.64206647873 4.12403869629 2.22080945969
5.52646827698 4.27733898163 2.21409296989
5.39273405075 4.45703601837 2.2079603672
5.27888917923 4.61164283752 2.20375108719
5.17062282562 4.75992250443 2.19984698296
5.10430622101 4.85154008865 2.1955537796
5.05697059631 4.9176197052 2.19004487991
5.03474617004 4.949010849 2.18458747864
5.02116727829 4.96842718124 2.17858600616
JUMP!
8.21945381165 5.53652906418 1.66945660114
8.13465976715 5.70537281036 2.29816842079
7.97779798508 5.81382417679 2.70703673363
7.79368305206 5.86626005173 2.9763507843
7.57031726837 5.87653493881 3.18508243561
7.37951564789 5.85596990585 3.2945857048
7.19123601913 5.81857299805 3.36843585968
7.00551748276 5.76994037628 3.41861343384
6.79153251648 5.70376014709 3.45872712135
6.60989236832 5.64155578613 3.48068094254
6.42940807343 5.57606697083 3.49609160423
6.24977827072 5.50826787949 3.50707411766
6.0410027504 5.42709922791 3.51638174057
5.86256027222 5.35623121262 3.5219669342
5.68446445465 5.28449726105 3.52629947662
5.4770359993 5.19994354248 3.53042864799
5.29950046539 5.12683343887 3.53352308273
5.18416786194 5.07890272141 3.53684663773
5.11322546005 5.0491271019 3.54050111771
5.06233072281 5.02751398087 3.54518961906
5.0382976532 5.01717376709 3.5498354435
JUMP!
6.49723625183 8.72478199005 0.987046897411
6.69999837875 8.77319908142 -0.330092549324
6.8440861702 8.65113639832 -0.969072937965
6.91164922714 8.47281646729 -1.37973034382
6.91845369339 8.28148937225 -1.64632725716
6.87586307526 8.06196022034 -1.84949958324
6.81197071075 7.88099193573 -1.95354616642
6.73320960999 7.70592975616 -2.02215838432
6.64491891861 7.53545236588 -2.06759405136
6.53421735764 7.34073209763 -2.10285639763
6.43503713608 7.17633533478 -2.12133908272
6.33340835571 7.0134396553 -2.13378071785
6.21279430389 6.82468605042 -2.14361739159
6.10823154449 6.66365623474 -2.14891290665
6.0029706955 6.50308179855 -2.15256977081
5.89722681046 6.34282541275 -2.15512371063
5.77343463898 6.15613985062 -2.15723419189
5.66706895828 5.99629497528 -2.15844941139
5.56053829193 5.83656024933 -2.15934896469
5.45388412476 5.67690753937 -2.16003608704
5.32933282852 5.49072790146 -2.16067671776
5.22248792648 5.33120298386 -2.16113471985
5.13716888428 5.20394277573 -2.16158795357
5.0845746994 5.12557601929 -2.16208600998
5.04337787628 5.06426286697 -2.16271615028
5.02675628662 5.03956222534 -2.16342043877
JUMP!
3.34155607224 7.8235707283 0.152631849051
3.53068375587 7.80182886124 -0.305233210325
3.70031762123 7.7134013176 -0.605742454529
3.86560535431 7.56295013428 -0.837966859341
3.98355865479 7.41159963608 -0.959362924099
4.08613967896 7.24936151505 -1.04098129272
4.17777013779 7.08066415787 -1.09624302387
4.27507591248 6.87892246246 -1.14024186134
4.35276603699 6.70334768295 -1.16417753696
4.42698097229 6.52627325058 -1.18087828159
4.51049089432 6.31842422485 -1.19466078281
4.58019208908 6.13952350616 -1.20258164406
4.64869070053 5.96015834808 -1.20843267441
4.71628475189 5.78045034409 -1.21288955212
4.79425907135 5.57045984268 -1.21702539921
4.86046743393 5.39023637772 -1.21995639801
4.91491270065 5.24069786072 -1.22281599045
4.94817304611 5.14847946167 -1.22596049309
4.97183656693 5.08211755753 -1.22999536991
4.98290586472 5.05067300797 -1.23399174213
4.98964262009 5.03127384186 -1.23838877678
JUMP!
2.48577070236 5.92771816254 4.50907802582
2.50752019882 5.73927545547 5.05459594727
2.60780620575 5.5767364502 5.41565275192
2.77770543098 5.43187856674 5.69832086563
2.94633460045 5.34044408798 5.84920167923
3.12501478195 5.27040576935 5.95276784897
3.30904197693 5.21579265594 6.02464771271
3.52737259865 5.1658577919 6.08360815048
3.71626210213 5.1314868927 6.11717844009
3.90605306625 5.10247564316 6.14173078537
4.09641313553 5.07745456696 6.16018247604
4.31897163391 5.0521068573 6.17697954178
4.51002073288 5.03303003311 6.18843889236
4.69785928726 5.01634407043 6.19897460938
4.83301877975 5.00598573685 6.21249055862
4.89705324173 5.00195360184 6.22587823868
4.93654489517 5.00002813339 6.24059772491
4.96089792252 4.99922037125 6.25678110123
JUMP!
2.5006108284 3.17384338379 5.84162425995
2.6874434948 3.13571596146 6.25348615646
2.87727975845 3.16032886505 0.242243379354
3.08629870415 3.23972916603 0.453628599644
3.25296998024 3.33484840393 0.565001010895
3.41041636467 3.4446554184 0.640420854092
3.5608394146 3.56394076347 0.691911697388
3.72988510132 3.71088480949 0.73331040144
3.87080526352 3.84128403664 0.756162941456
4.0092291832 3.97433304787 0.772343814373
4.16845417023 4.13188505173 0.785944402218
4.30350494385 4.26835918427 0.793995320797
4.43760490417 4.40576696396 0.800142168999
4.57095813751 4.54390048981 0.805047988892
4.72575569153 4.70580673218 0.809935390949
4.83198642731 4.81791162491 0.813983798027
4.89713001251 4.88725042343 0.818436145782
4.93705844879 4.93015289307 0.8233320117
4.96558094025 4.96114873886 0.829614520073
4.97898435593 4.97590017319 0.835835754871
JUMP!
5.20548343658 2.26248884201 4.62084722519
5.08036613464 2.1303126812 3.4783976078
4.89305973053 2.14612627029 2.75662994385
4.72356081009 2.28835058212 2.20859694481
4.63651943207 2.45878434181 1.92466938496
4.59042978287 2.64487981796 1.73422706127
4.57351827621 2.83600401878 1.60535085201
4.57891511917 3.05984258652 1.50269544125
4.59821844101 3.25084519386 1.44677710533
4.62630367279 3.44076800346 1.40769946575
4.66053581238 3.62968564034 1.38000035286
4.70594072342 3.84903049469 1.3566852808
4.74824857712 4.03630971909 1.34285116196
4.79279088974 4.22307062149 1.33226001263
4.84694814682 4.44042444229 1.3223593235
4.89493131638 4.62633132935 1.3152371645
4.93320846558 4.77038574219 1.30811607838
4.95745801926 4.85895204544 1.30028474331
4.97546005249 4.92245054245 1.29023838043
4.98428249359 4.95241260529 1.28028714657
4.98991250992 4.97081518173 1.26934409142
