388.7456, 9.8779, 349.7206, 49.7990
388.7456, 9.8779, 399.8077, 19.8672
388.7456, 9.8779, 419.3707, 6.4063
251.2475, 107.0032, 273.4424, 67.6729
251.2475, 107.0032, 301.3097, 124.8147
251.2475, 107.0032, 239.4667, 139.3718
251.2475, 107.0032, 221.5610, 79.1122
99.8237, 362.0126, 57.4481, 394.4523
99.8237, 362.0126, 100.2696, 407.8607
85.2319, 42.0498, 54.4641, 85.1577
85.2319, 42.0498, 74.4006, 87.6006
85.2319, 42.0498, 88.1062, 6.9662
85.2319, 42.0498, 93.0519, 32.8599
85.2319, 42.0498, 34.1991, 17.7692
85.2319, 42.0498, 54.0114, 76.7549
345.4213, 453.8152, 301.0753, 429.7479
1.9899, 243.8035, 23.6357, 298.1127
1.9899, 243.8035, 20.1394, 204.4383
409.5610, 291.5624, 405.8325, 248.3040
409.5610, 291.5624, 394.1024, 342.0549
363.7647, 138.9330, 416.3659, 119.6541
363.7647, 138.9330, 378.2342, 83.7961
462.5582, 340.1381, 443.4772, 363.3025
462.5582, 340.1381, 427.7771, 353.5131
462.5582, 340.1381, 473.0112, 336.6730
462.5582, 340.1381, 485.8059, 285.0937
462.5582, 340.1381, 469.7702, 328.9560
462.5582, 340.1381, 470.4076, 311.5887
462.5582, 340.1381, 435.8415, 301.8143
462.5582, 340.1381, 499.4321, 324.1320
462.5582, 340.1381, 440.2867, 307.8415
462.5582, 340.1381, 497.7383, 341.8778
462.5582, 340.1381, 484.0353, 348.1140
273.4424, 67.6729, 251.2475, 107.0032
273.4424, 67.6729, 295.3551, 17.6569
273.4424, 67.6729, 230.7562, 61.9808
273.4424, 67.6729, 281.7796, 58.3148
273.4424, 67.6729, 286.9128, 28.5839
273.4424, 67.6729, 277.5330, 30.8957
273.4424, 67.6729, 303.1259, 46.3017
273.4424, 67.6729, 292.4870, 87.8561
273.4424, 67.6729, 240.5193, 47.6816
273.4424, 67.6729, 281.7992, 76.5659
273.4424, 67.6729, 270.8264, 119.2018
273.4424, 67.6729, 223.3613, 82.3717
273.4424, 67.6729, 325.3263, 72.8598
273.4424, 67.6729, 283.6749, 125.5478
273.4424, 67.6729, 310.9905, 66.9250
273.4424, 67.6729, 229.7789, 72.1062
273.4424, 67.6729, 304.2900, 45.0707
405.8325, 248.3040, 409.5610, 291.5624
405.8325, 248.3040, 422.4837, 285.1487
405.8325, 248.3040, 408.1854, 192.0516
405.8325, 248.3040, 404.7158, 245.0275
405.8325, 248.3040, 429.9903, 248.4956
405.8325, 248.3040, 410.0653, 267.2912
457.9590, 151.9564, 416.3659, 119.6541
457.9590, 151.9564, 442.5607, 198.7344
457.9590, 151.9564, 498.4142, 108.9004
457.9590, 151.9564, 413.8931, 137.2085
457.9590, 151.9564, 449.7038, 147.1341
457.9590, 151.9564, 461.1234, 116.0845
457.9590, 151.9564, 459.2953, 190.8173
457.9590, 151.9564, 446.1984, 120.4531
457.9590, 151.9564, 463.4487, 97.8183
457.9590, 151.9564, 465.8128, 157.9389
45.5915, 143.1332, 19.7980, 170.0185
45.5915, 143.1332, 54.4641, 85.1577
45.5915, 143.1332, 58.8317, 161.2113
45.5915, 143.1332, 4.9241, 107.4869
57.4481, 394.4523, 99.8237, 362.0126
57.4481, 394.4523, 12.3141, 407.8516
57.4481, 394.4523, 93.1732, 399.9577
57.4481, 394.4523, 66.5558, 431.9904
23.6357, 298.1127, 1.9899, 243.8035
275.9834, 389.9806, 301.0753, 429.7479
100.2696, 407.8607, 99.8237, 362.0126
100.2696, 407.8607, 149.1647, 420.7538
100.2696, 407.8607, 110.2598, 358.1882
100.2696, 407.8607, 107.4460, 426.3575
100.2696, 407.8607, 129.7676, 434.8649
100.2696, 407.8607, 109.8259, 429.9097
177.2329, 359.2123, 166.6825, 368.3432
177.2329, 359.2123, 158.7231, 302.9698
177.2329, 359.2123, 198.2832, 411.4921
149.1647, 420.7538, 100.2696, 407.8607
149.1647, 420.7538, 193.5937, 449.4681
149.1647, 420.7538, 166.6825, 368.3432
197.8347, 44.4871, 174.5590, 20.5143
197.8347, 44.4871, 151.6391, 12.0903
197.8347, 44.4871, 221.5610, 79.1122
197.8347, 44.4871, 165.9323, 4.9739
413.8373, 71.9484, 416.3659, 119.6541
193.5937, 449.4681, 149.1647, 420.7538
497.7632, 217.2010, 442.5607, 198.7344
416.3659, 119.6541, 457.9590, 151.9564
416.3659, 119.6541, 413.8373, 71.9484
416.3659, 119.6541, 363.7647, 138.9330
301.0753, 429.7479, 345.4213, 453.8152
301.0753, 429.7479, 275.9834, 389.9806
301.0753, 429.7479, 291.3808, 406.4725
19.7980, 170.0185, 45.5915, 143.1332
19.7980, 170.0185, 40.1250, 145.3989
19.7980, 170.0185, 20.1394, 204.4383
19.7980, 170.0185, 34.3210, 221.1167
19.7980, 170.0185, 25.4407, 160.8004
40.1250, 145.3989, 19.7980, 170.0185
40.1250, 145.3989, 38.8510, 98.0323
166.6825, 368.3432, 177.2329, 359.2123
166.6825, 368.3432, 149.1647, 420.7538
20.1394, 204.4383, 19.7980, 170.0185
20.1394, 204.4383, 1.9899, 243.8035
158.7231, 302.9698, 177.2329, 359.2123
158.7231, 302.9698, 160.4095, 247.4234
174.5590, 20.5143, 197.8347, 44.4871
443.4772, 363.3025, 462.5582, 340.1381
443.4772, 363.3025, 394.1024, 342.0549
442.5607, 198.7344, 457.9590, 151.9564
442.5607, 198.7344, 497.7632, 217.2010
442.5607, 198.7344, 492.4487, 209.8083
442.5607, 198.7344, 446.4569, 173.9137
442.5607, 198.7344, 408.1854, 192.0516
442.5607, 198.7344, 425.6879, 256.1582
442.5607, 198.7344, 399.8097, 196.2434
301.3097, 124.8147, 251.2475, 107.0032
301.3097, 124.8147, 289.1832, 139.8638
301.3097, 124.8147, 309.8097, 175.1807
301.3097, 124.8147, 343.0095, 91.9888
151.6391, 12.0903, 197.8347, 44.4871
151.6391, 12.0903, 149.1355, 17.8775
239.4667, 139.3718, 251.2475, 107.0032
239.4667, 139.3718, 230.1756, 198.4436
239.4667, 139.3718, 225.9900, 161.8285
32.3825, 465.9179, 7.4895, 465.4800
171.2128, 235.6431, 160.4095, 247.4234
492.4487, 209.8083, 442.5607, 198.7344
492.4487, 209.8083, 502.5118, 245.5798
160.4095, 247.4234, 158.7231, 302.9698
160.4095, 247.4234, 171.2128, 235.6431
160.4095, 247.4234, 151.0639, 243.8711
160.4095, 247.4234, 125.3007, 258.1865
160.4095, 247.4234, 138.4967, 286.1007
291.3808, 406.4725, 301.0753, 429.7479
291.3808, 406.4725, 283.0249, 417.6116
291.3808, 406.4725, 255.5172, 389.8611
291.3808, 406.4725, 243.9465, 401.9276
291.3808, 406.4725, 257.6492, 424.4790
291.3808, 406.4725, 277.6063, 399.1627
291.3808, 406.4725, 310.2131, 422.1906
291.3808, 406.4725, 334.0622, 445.3789
291.3808, 406.4725, 308.8155, 401.1435
291.3808, 406.4725, 309.5549, 398.8473
291.3808, 406.4725, 301.4794, 421.6980
291.3808, 406.4725, 290.0803, 432.4213
291.3808, 406.4725, 331.1487, 444.1367
291.3808, 406.4725, 236.3162, 395.5774
291.3808, 406.4725, 308.3611, 442.1612
34.3210, 221.1167, 19.7980, 170.0185
34.3210, 221.1167, 74.8609, 203.9426
34.3210, 221.1167, 15.4652, 215.6780
34.3210, 221.1167, 57.4360, 177.0858
34.3210, 221.1167, 41.6406, 229.4663
34.3210, 221.1167, 73.8439, 213.9690
34.3210, 221.1167, 43.9127, 170.1525
34.3210, 221.1167, 52.8985, 243.0605
34.3210, 221.1167, 19.2999, 206.4315
34.3210, 221.1167, 9.4119, 259.0104
34.3210, 221.1167, 40.4684, 274.3535
34.3210, 221.1167, 1.6795, 185.0004
34.3210, 221.1167, 28.1329, 213.6162
34.3210, 221.1167, 56.4396, 218.4424
394.1024, 342.0549, 409.5610, 291.5624
394.1024, 342.0549, 443.4772, 363.3025
295.3551, 17.6569, 273.4424, 67.6729
295.3551, 17.6569, 325.1164, 23.1469
295.3551, 17.6569, 310.3314, 10.0746
295.3551, 17.6569, 326.7664, 30.9539
151.0639, 243.8711, 160.4095, 247.4234
339.4273, 75.7762, 325.1164, 23.1469
339.4273, 75.7762, 352.8425, 36.4420
25.4407, 160.8004, 19.7980, 170.0185
54.4641, 85.1577, 85.2319, 42.0498
54.4641, 85.1577, 45.5915, 143.1332
446.4569, 173.9137, 442.5607, 198.7344
446.4569, 173.9137, 486.8369, 150.8927
446.4569, 173.9137, 436.2385, 147.6950
446.4569, 173.9137, 397.2588, 159.3632
110.2598, 358.1882, 100.2696, 407.8607
110.2598, 358.1882, 53.8673, 354.4311
110.2598, 358.1882, 138.2446, 337.5344
110.2598, 358.1882, 152.8526, 388.5910
53.8673, 354.4311, 110.2598, 358.1882
53.8673, 354.4311, 45.4138, 380.8327
53.8673, 354.4311, 47.7082, 340.7355
74.4006, 87.6006, 85.2319, 42.0498
325.1164, 23.1469, 295.3551, 17.6569
325.1164, 23.1469, 339.4273, 75.7762
325.1164, 23.1469, 349.7206, 49.7990
125.3007, 258.1865, 160.4095, 247.4234
125.3007, 258.1865, 99.8427, 207.5923
114.2938, 181.5519, 74.8609, 203.9426
464.8053, 440.4699, 432.7591, 394.0819
7.4895, 465.4800, 32.3825, 465.9179
7.4895, 465.4800, 12.3141, 407.8516
7.4895, 465.4800, 23.5566, 453.4585
7.4895, 465.4800, 17.0869, 467.3534
7.4895, 465.4800, 0.8869, 460.3138
283.0249, 417.6116, 291.3808, 406.4725
74.8609, 203.9426, 34.3210, 221.1167
74.8609, 203.9426, 114.2938, 181.5519
74.8609, 203.9426, 99.8427, 207.5923
349.7206, 49.7990, 388.7456, 9.8779
349.7206, 49.7990, 325.1164, 23.1469
349.7206, 49.7990, 378.2342, 83.7961
221.5610, 79.1122, 251.2475, 107.0032
221.5610, 79.1122, 197.8347, 44.4871
255.5172, 389.8611, 291.3808, 406.4725
45.4138, 380.8327, 53.8673, 354.4311
99.8427, 207.5923, 74.8609, 203.9426
99.8427, 207.5923, 125.3007, 258.1865
149.1355, 17.8775, 151.6391, 12.0903
149.1355, 17.8775, 177.0116, 44.4776
149.1355, 17.8775, 93.0519, 32.8599
149.1355, 17.8775, 173.9993, 9.7247
15.4652, 215.6780, 34.3210, 221.1167
422.4837, 285.1487, 405.8325, 248.3040
394.4883, 403.8904, 409.9113, 373.5966
310.3314, 10.0746, 295.3551, 17.6569
310.3314, 10.0746, 321.5697, 4.3892
378.2342, 83.7961, 363.7647, 138.9330
378.2342, 83.7961, 349.7206, 49.7990
378.2342, 83.7961, 400.3865, 53.0431
243.9465, 401.9276, 291.3808, 406.4725
243.9465, 401.9276, 198.2832, 411.4921
88.1062, 6.9662, 85.2319, 42.0498
427.7771, 353.5131, 462.5582, 340.1381
427.7771, 353.5131, 409.9113, 373.5966
427.7771, 353.5131, 418.0186, 350.5182
427.7771, 353.5131, 404.5991, 298.7194
427.7771, 353.5131, 432.7591, 394.0819
427.7771, 353.5131, 388.6199, 348.8105
427.7771, 353.5131, 422.4380, 338.9268
427.7771, 353.5131, 407.9211, 381.1303
427.7771, 353.5131, 455.8575, 378.9818
427.7771, 353.5131, 408.2259, 383.0719
427.7771, 353.5131, 409.0455, 371.0669
427.7771, 353.5131, 419.8656, 316.3875
427.7771, 353.5131, 406.6366, 374.6298
230.1756, 198.4436, 239.4667, 139.3718
230.1756, 198.4436, 190.3315, 204.0837
230.1756, 198.4436, 273.9064, 160.7712
230.1756, 198.4436, 219.5701, 157.5420
230.1756, 198.4436, 176.6494, 204.2973
230.1756, 198.4436, 217.1641, 188.2121
58.8317, 161.2113, 45.5915, 143.1332
58.8317, 161.2113, 28.5406, 141.6024
58.8317, 161.2113, 29.2067, 122.1452
58.8317, 161.2113, 70.4493, 140.7835
58.8317, 161.2113, 54.1862, 147.5398
58.8317, 161.2113, 79.7513, 131.4026
58.8317, 161.2113, 78.5042, 140.7269
58.8317, 161.2113, 53.1960, 104.5570
47.7082, 340.7355, 53.8673, 354.4311
47.7082, 340.7355, 43.8326, 373.1670
47.7082, 340.7355, 72.1993, 333.1495
47.7082, 340.7355, 68.3473, 357.4411
47.7082, 340.7355, 40.5537, 282.8752
38.8510, 98.0323, 40.1250, 145.3989
38.8510, 98.0323, 44.0965, 55.6346
38.8510, 98.0323, 9.7511, 72.2027
38.8510, 98.0323, 29.6826, 43.7679
289.1832, 139.8638, 301.3097, 124.8147
177.0116, 44.4776, 149.1355, 17.8775
177.0116, 44.4776, 132.7552, 58.2319
409.9113, 373.5966, 427.7771, 353.5131
409.9113, 373.5966, 394.4883, 403.8904
198.2832, 411.4921, 177.2329, 359.2123
198.2832, 411.4921, 243.9465, 401.9276
198.2832, 411.4921, 179.3093, 378.0911
198.2832, 411.4921, 181.6846, 392.9211
418.0186, 350.5182, 427.7771, 353.5131
107.4460, 426.3575, 100.2696, 407.8607
107.4460, 426.3575, 133.6684, 468.1105
107.4460, 426.3575, 136.1973, 461.2266
486.8369, 150.8927, 446.4569, 173.9137
436.2385, 147.6950, 446.4569, 173.9137
436.2385, 147.6950, 386.3463, 152.8636
436.2385, 147.6950, 403.6293, 98.9733
12.7330, 23.4169, 44.0965, 55.6346
93.0519, 32.8599, 149.1355, 17.8775
93.0519, 32.8599, 85.2319, 42.0498
129.7676, 434.8649, 100.2696, 407.8607
230.7562, 61.9808, 273.4424, 67.6729
230.7562, 61.9808, 204.3112, 61.9636
408.1854, 192.0516, 442.5607, 198.7344
408.1854, 192.0516, 405.8325, 248.3040
12.3141, 407.8516, 7.4895, 465.4800
12.3141, 407.8516, 57.4481, 394.4523
138.2446, 337.5344, 110.2598, 358.1882
179.3093, 378.0911, 198.2832, 411.4921
425.6879, 256.1582, 442.5607, 198.7344
425.6879, 256.1582, 458.7562, 276.5836
281.7796, 58.3148, 273.4424, 67.6729
190.3315, 204.0837, 230.1756, 198.4436
257.6492, 424.4790, 291.3808, 406.4725
257.6492, 424.4790, 231.1970, 464.0107
257.6492, 424.4790, 257.2072, 473.7432
399.8097, 196.2434, 442.5607, 198.7344
93.1732, 399.9577, 57.4481, 394.4523
286.9128, 28.5839, 273.4424, 67.6729
498.4142, 108.9004, 457.9590, 151.9564
498.4142, 108.9004, 469.1816, 69.8620
309.8097, 175.1807, 301.3097, 124.8147
404.5991, 298.7194, 427.7771, 353.5131
413.8931, 137.2085, 457.9590, 151.9564
138.4967, 286.1007, 160.4095, 247.4234
138.4967, 286.1007, 153.5050, 278.0106
138.4967, 286.1007, 103.1999, 319.5732
138.4967, 286.1007, 145.5224, 343.1008
138.4967, 286.1007, 137.3532, 269.6621
138.4967, 286.1007, 143.9627, 303.0672
138.4967, 286.1007, 98.0170, 293.1245
138.4967, 286.1007, 114.6292, 236.0085
138.4967, 286.1007, 98.5793, 261.2679
138.4967, 286.1007, 114.9089, 286.8575
138.4967, 286.1007, 115.6974, 235.7889
138.4967, 286.1007, 149.9601, 230.0477
473.0112, 336.6730, 462.5582, 340.1381
473.0112, 336.6730, 475.1145, 280.4903
132.7552, 58.2319, 177.0116, 44.4776
132.7552, 58.2319, 172.6921, 61.6785
132.7552, 58.2319, 140.6612, 57.4435
132.7552, 58.2319, 119.1221, 42.7503
132.7552, 58.2319, 167.2494, 29.2412
132.7552, 58.2319, 143.7739, 26.2304
132.7552, 58.2319, 128.8539, 45.6580
132.7552, 58.2319, 114.0855, 2.0980
132.7552, 58.2319, 112.3233, 101.2579
132.7552, 58.2319, 169.0338, 14.1401
132.7552, 58.2319, 95.3357, 21.4417
132.7552, 58.2319, 155.2055, 55.9168
132.7552, 58.2319, 126.3916, 74.9411
132.7552, 58.2319, 147.6764, 67.2413
231.1970, 464.0107, 257.6492, 424.4790
231.1970, 464.0107, 180.9671, 464.4350
343.0095, 91.9888, 301.3097, 124.8147
343.0095, 91.9888, 348.6544, 89.9780
343.0095, 91.9888, 381.6722, 84.6274
343.0095, 91.9888, 389.6987, 62.5805
343.0095, 91.9888, 361.5393, 73.6913
343.0095, 91.9888, 364.7113, 88.7311
23.5566, 453.4585, 7.4895, 465.4800
23.5566, 453.4585, 57.0796, 430.6915
432.7591, 394.0819, 427.7771, 353.5131
432.7591, 394.0819, 464.8053, 440.4699
432.7591, 394.0819, 452.6043, 447.7766
432.7591, 394.0819, 442.7470, 419.2570
432.7591, 394.0819, 408.7108, 433.3514
485.8059, 285.0937, 462.5582, 340.1381
485.8059, 285.0937, 498.2696, 280.2604
469.1816, 69.8620, 498.4142, 108.9004
469.1816, 69.8620, 452.2291, 27.9994
469.1816, 69.8620, 470.4707, 13.4496
57.4360, 177.0858, 34.3210, 221.1167
386.3463, 152.8636, 436.2385, 147.6950
386.3463, 152.8636, 369.8826, 153.0652
321.5697, 4.3892, 310.3314, 10.0746
321.5697, 4.3892, 360.3539, 4.1218
273.9064, 160.7712, 230.1756, 198.4436
452.6043, 447.7766, 432.7591, 394.0819
452.6043, 447.7766, 485.5322, 464.2869
452.2291, 27.9994, 469.1816, 69.8620
204.3112, 61.9636, 230.7562, 61.9808
43.8326, 373.1670, 47.7082, 340.7355
43.8326, 373.1670, 18.8103, 323.1256
153.5050, 278.0106, 138.4967, 286.1007
442.7470, 419.2570, 432.7591, 394.0819
28.5406, 141.6024, 58.8317, 161.2113
348.6544, 89.9780, 343.0095, 91.9888
404.7158, 245.0275, 405.8325, 248.3040
381.6722, 84.6274, 343.0095, 91.9888
41.6406, 229.4663, 34.3210, 221.1167
103.1999, 319.5732, 138.4967, 286.1007
399.8077, 19.8672, 388.7456, 9.8779
485.5322, 464.2869, 452.6043, 447.7766
485.5322, 464.2869, 477.2534, 465.2379
277.5330, 30.8957, 273.4424, 67.6729
173.9993, 9.7247, 149.1355, 17.8775
403.6293, 98.9733, 436.2385, 147.6950
403.6293, 98.9733, 407.1647, 130.4562
403.6293, 98.9733, 425.5567, 104.7895
403.6293, 98.9733, 418.1509, 93.6015
403.6293, 98.9733, 417.5595, 53.5965
403.6293, 98.9733, 425.1027, 64.7521
403.6293, 98.9733, 421.7201, 53.8680
72.1993, 333.1495, 47.7082, 340.7355
29.2067, 122.1452, 58.8317, 161.2113
257.2072, 473.7432, 257.6492, 424.4790
257.2072, 473.7432, 254.5498, 432.9994
257.2072, 473.7432, 253.8017, 459.6031
257.2072, 473.7432, 309.4233, 467.4339
257.2072, 473.7432, 242.2669, 443.7757
257.2072, 473.7432, 199.0086, 461.8340
257.2072, 473.7432, 204.3236, 475.0850
257.2072, 473.7432, 243.4625, 452.0618
257.2072, 473.7432, 236.3706, 473.5390
257.2072, 473.7432, 289.6150, 459.9255
257.2072, 473.7432, 209.1421, 450.0230
73.8439, 213.9690, 34.3210, 221.1167
73.8439, 213.9690, 87.7968, 209.0851
73.8439, 213.9690, 98.2471, 165.3607
73.8439, 213.9690, 52.4231, 191.2482
73.8439, 213.9690, 46.7952, 240.3057
73.8439, 213.9690, 78.9644, 207.9924
73.8439, 213.9690, 62.1045, 227.5127
73.8439, 213.9690, 88.5068, 181.7793
73.8439, 213.9690, 94.4093, 201.5311
73.8439, 213.9690, 81.3177, 251.7938
303.1259, 46.3017, 273.4424, 67.6729
303.1259, 46.3017, 322.3731, 2.4544
303.1259, 46.3017, 325.9470, 13.9157
303.1259, 46.3017, 281.5363, 3.0214
145.5224, 343.1008, 138.4967, 286.1007
145.5224, 343.1008, 119.3023, 368.0030
145.5224, 343.1008, 145.2254, 400.5058
145.5224, 343.1008, 144.5929, 401.2894
145.5224, 343.1008, 141.5844, 353.4051
145.5224, 343.1008, 150.6089, 360.5875
277.6063, 399.1627, 291.3808, 406.4725
292.4870, 87.8561, 273.4424, 67.6729
310.2131, 422.1906, 291.3808, 406.4725
254.5498, 432.9994, 257.2072, 473.7432
254.5498, 432.9994, 216.6828, 399.2910
172.6921, 61.6785, 132.7552, 58.2319
334.0622, 445.3789, 291.3808, 406.4725
308.8155, 401.1435, 291.3808, 406.4725
109.8259, 429.9097, 100.2696, 407.8607
109.8259, 429.9097, 138.9123, 446.4163
109.8259, 429.9097, 115.2928, 400.5530
109.8259, 429.9097, 155.3821, 437.8956
109.8259, 429.9097, 129.7408, 450.5063
4.9241, 107.4869, 45.5915, 143.1332
66.5558, 431.9904, 57.4481, 394.4523
458.7562, 276.5836, 425.6879, 256.1582
44.0965, 55.6346, 38.8510, 98.0323
44.0965, 55.6346, 12.7330, 23.4169
388.6199, 348.8105, 427.7771, 353.5131
43.9127, 170.1525, 34.3210, 221.1167
389.6987, 62.5805, 343.0095, 91.9888
137.3532, 269.6621, 138.4967, 286.1007
18.8103, 323.1256, 43.8326, 373.1670
240.5193, 47.6816, 273.4424, 67.6729
309.5549, 398.8473, 291.3808, 406.4725
369.8826, 153.0652, 386.3463, 152.8636
34.1991, 17.7692, 85.2319, 42.0498
34.1991, 17.7692, 14.9461, 5.4400
281.7992, 76.5659, 273.4424, 67.6729
9.7511, 72.2027, 38.8510, 98.0323
17.0869, 467.3534, 7.4895, 465.4800
181.6846, 392.9211, 198.2832, 411.4921
119.3023, 368.0030, 145.5224, 343.1008
429.9903, 248.4956, 405.8325, 248.3040
429.9903, 248.4956, 408.8134, 255.1139
429.9903, 248.4956, 399.0630, 243.3387
429.9903, 248.4956, 484.4955, 260.6565
429.9903, 248.4956, 439.6419, 213.4977
429.9903, 248.4956, 400.9135, 253.4729
449.7038, 147.1341, 457.9590, 151.9564
68.3473, 357.4411, 47.7082, 340.7355
68.3473, 357.4411, 57.7217, 379.7912
68.3473, 357.4411, 9.9452, 353.8209
68.3473, 357.4411, 86.4829, 330.3110
68.3473, 357.4411, 105.8361, 370.5623
68.3473, 357.4411, 32.9764, 341.3104
68.3473, 357.4411, 119.5660, 383.5215
68.3473, 357.4411, 119.0267, 347.9495
68.3473, 357.4411, 57.7455, 367.9721
68.3473, 357.4411, 69.0961, 366.6713
68.3473, 357.4411, 34.6935, 405.7642
216.6828, 399.2910, 254.5498, 432.9994
216.6828, 399.2910, 211.2046, 387.3965
216.6828, 399.2910, 180.2094, 441.5466
216.6828, 399.2910, 198.0171, 428.2546
270.8264, 119.2018, 273.4424, 67.6729
270.8264, 119.2018, 290.3497, 138.5895
29.6826, 43.7679, 38.8510, 98.0323
29.6826, 43.7679, 40.7446, 38.9913
29.6826, 43.7679, 45.4412, 26.7436
29.6826, 43.7679, 2.1289, 34.9878
87.7968, 209.0851, 73.8439, 213.9690
408.7108, 433.3514, 432.7591, 394.0819
408.7108, 433.3514, 406.5723, 441.9752
408.7108, 433.3514, 384.0817, 399.7864
408.7108, 433.3514, 387.5821, 421.1261
408.7108, 433.3514, 397.7511, 432.7898
408.7108, 433.3514, 445.7001, 469.1389
408.7108, 433.3514, 453.7485, 460.2797
290.3497, 138.5895, 270.8264, 119.2018
253.8017, 459.6031, 257.2072, 473.7432
406.5723, 441.9752, 408.7108, 433.3514
309.4233, 467.4339, 257.2072, 473.7432
360.3539, 4.1218, 321.5697, 4.3892
145.2254, 400.5058, 145.5224, 343.1008
223.3613, 82.3717, 273.4424, 67.6729
57.7217, 379.7912, 68.3473, 357.4411
143.9627, 303.0672, 138.4967, 286.1007
384.0817, 399.7864, 408.7108, 433.3514
52.8985, 243.0605, 34.3210, 221.1167
325.3263, 72.8598, 273.4424, 67.6729
0.8869, 460.3138, 7.4895, 465.4800
407.1647, 130.4562, 403.6293, 98.9733
140.6612, 57.4435, 132.7552, 58.2319
242.2669, 443.7757, 257.2072, 473.7432
461.1234, 116.0845, 457.9590, 151.9564
461.1234, 116.0845, 438.9865, 69.7202
199.0086, 461.8340, 257.2072, 473.7432
138.9123, 446.4163, 109.8259, 429.9097
138.9123, 446.4163, 162.6993, 460.2869
387.5821, 421.1261, 408.7108, 433.3514
438.9865, 69.7202, 461.1234, 116.0845
397.7511, 432.7898, 408.7108, 433.3514
397.7511, 432.7898, 379.7745, 423.5129
397.7511, 432.7898, 377.9972, 451.0022
397.7511, 432.7898, 367.6438, 436.5183
422.4380, 338.9268, 427.7771, 353.5131
119.1221, 42.7503, 132.7552, 58.2319
98.0170, 293.1245, 138.4967, 286.1007
469.7702, 328.9560, 462.5582, 340.1381
283.6749, 125.5478, 273.4424, 67.6729
283.6749, 125.5478, 293.4403, 140.8097
283.6749, 125.5478, 262.1680, 94.4467
283.6749, 125.5478, 326.6978, 119.4025
283.6749, 125.5478, 326.7327, 148.2463
283.6749, 125.5478, 334.6555, 113.8949
283.6749, 125.5478, 304.2102, 104.9965
283.6749, 125.5478, 254.2728, 84.6170
9.9452, 353.8209, 68.3473, 357.4411
9.9452, 353.8209, 8.5225, 409.9761
9.9452, 353.8209, 12.4683, 328.4526
9.9452, 353.8209, 6.6223, 315.0219
9.9452, 353.8209, 12.4467, 387.6323
9.9452, 353.8209, 12.5695, 382.2633
19.2999, 206.4315, 34.3210, 221.1167
19.2999, 206.4315, 5.2315, 155.8557
419.3707, 6.4063, 388.7456, 9.8779
419.3707, 6.4063, 374.2657, 2.5183
419.3707, 6.4063, 424.2742, 41.8104
419.3707, 6.4063, 384.2708, 39.2400
419.3707, 6.4063, 425.1030, 6.2207
14.9461, 5.4400, 34.1991, 17.7692
167.2494, 29.2412, 132.7552, 58.2319
167.2494, 29.2412, 207.7154, 18.2176
167.2494, 29.2412, 194.5370, 7.7157
167.2494, 29.2412, 223.3457, 12.2333
301.4794, 421.6980, 291.3808, 406.4725
207.7154, 18.2176, 167.2494, 29.2412
40.7446, 38.9913, 29.6826, 43.7679
407.9211, 381.1303, 427.7771, 353.5131
8.5225, 409.9761, 9.9452, 353.8209
459.2953, 190.8173, 457.9590, 151.9564
459.2953, 190.8173, 480.2589, 180.8807
144.5929, 401.2894, 145.5224, 343.1008
310.9905, 66.9250, 273.4424, 67.6729
115.2928, 400.5530, 109.8259, 429.9097
425.5567, 104.7895, 403.6293, 98.9733
408.8134, 255.1139, 429.9903, 248.4956
322.3731, 2.4544, 303.1259, 46.3017
12.4683, 328.4526, 9.9452, 353.8209
86.4829, 330.3110, 68.3473, 357.4411
143.7739, 26.2304, 132.7552, 58.2319
293.4403, 140.8097, 283.6749, 125.5478
162.6993, 460.2869, 138.9123, 446.4163
98.2471, 165.3607, 73.8439, 213.9690
52.4231, 191.2482, 73.8439, 213.9690
46.7952, 240.3057, 73.8439, 213.9690
374.2657, 2.5183, 419.3707, 6.4063
45.4412, 26.7436, 29.6826, 43.7679
445.7001, 469.1389, 408.7108, 433.3514
262.1680, 94.4467, 283.6749, 125.5478
470.4076, 311.5887, 462.5582, 340.1381
399.0630, 243.3387, 429.9903, 248.4956
397.2588, 159.3632, 446.4569, 173.9137
397.2588, 159.3632, 451.9361, 177.6791
397.2588, 159.3632, 446.0804, 153.4724
397.2588, 159.3632, 382.6564, 153.4390
397.2588, 159.3632, 346.9226, 178.5999
397.2588, 159.3632, 376.1598, 184.2450
397.2588, 159.3632, 384.9356, 172.9752
397.2588, 159.3632, 360.5709, 153.7829
57.0796, 430.6915, 23.5566, 453.4585
57.0796, 430.6915, 66.6748, 448.4634
57.0796, 430.6915, 84.5189, 440.1489
57.0796, 430.6915, 100.3353, 471.3198
57.0796, 430.6915, 58.3418, 461.5716
2.1289, 34.9878, 29.6826, 43.7679
2.1289, 34.9878, 10.8180, 7.1884
66.6748, 448.4634, 57.0796, 430.6915
128.8539, 45.6580, 132.7552, 58.2319
326.6978, 119.4025, 283.6749, 125.5478
114.6292, 236.0085, 138.4967, 286.1007
435.8415, 301.8143, 462.5582, 340.1381
40.5537, 282.8752, 47.7082, 340.7355
141.5844, 353.4051, 145.5224, 343.1008
150.6089, 360.5875, 145.5224, 343.1008
114.0855, 2.0980, 132.7552, 58.2319
70.4493, 140.7835, 58.8317, 161.2113
98.5793, 261.2679, 138.4967, 286.1007
105.8361, 370.5623, 68.3473, 357.4411
84.5189, 440.1489, 57.0796, 430.6915
361.5393, 73.6913, 343.0095, 91.9888
364.7113, 88.7311, 343.0095, 91.9888
418.1509, 93.6015, 403.6293, 98.9733
484.4955, 260.6565, 429.9903, 248.4956
112.3233, 101.2579, 132.7552, 58.2319
152.8526, 388.5910, 110.2598, 358.1882
211.2046, 387.3965, 216.6828, 399.2910
133.6684, 468.1105, 107.4460, 426.3575
439.6419, 213.4977, 429.9903, 248.4956
169.0338, 14.1401, 132.7552, 58.2319
499.4321, 324.1320, 462.5582, 340.1381
95.3357, 21.4417, 132.7552, 58.2319
6.6223, 315.0219, 9.9452, 353.8209
54.1862, 147.5398, 58.8317, 161.2113
155.2055, 55.9168, 132.7552, 58.2319
477.2534, 465.2379, 485.5322, 464.2869
477.2534, 465.2379, 444.5790, 455.8309
455.8575, 378.9818, 427.7771, 353.5131
455.8575, 378.9818, 454.1753, 387.2653
455.8575, 378.9818, 454.0161, 431.8678
455.8575, 378.9818, 446.1362, 426.6947
32.9764, 341.3104, 68.3473, 357.4411
229.7789, 72.1062, 273.4424, 67.6729
229.7789, 72.1062, 216.0700, 123.0088
229.7789, 72.1062, 212.3919, 66.7521
325.9470, 13.9157, 303.1259, 46.3017
325.9470, 13.9157, 361.7543, 5.8838
325.9470, 13.9157, 372.4186, 13.8255
379.7745, 423.5129, 397.7511, 432.7898
379.7745, 423.5129, 399.7496, 475.3522
379.7745, 423.5129, 371.9411, 471.2972
5.2315, 155.8557, 19.2999, 206.4315
417.5595, 53.5965, 403.6293, 98.9733
417.5595, 53.5965, 464.4829, 72.6490
12.4467, 387.6323, 9.9452, 353.8209
79.7513, 131.4026, 58.8317, 161.2113
216.0700, 123.0088, 229.7789, 72.1062
453.7485, 460.2797, 408.7108, 433.3514
453.7485, 460.2797, 462.8213, 468.6800
451.9361, 177.6791, 397.2588, 159.3632
451.9361, 177.6791, 502.1011, 207.2208
326.7327, 148.2463, 283.6749, 125.5478
408.2259, 383.0719, 427.7771, 353.5131
400.3865, 53.0431, 378.2342, 83.7961
409.0455, 371.0669, 427.7771, 353.5131
446.0804, 153.4724, 397.2588, 159.3632
54.0114, 76.7549, 85.2319, 42.0498
119.5660, 383.5215, 68.3473, 357.4411
462.8213, 468.6800, 453.7485, 460.2797
502.5118, 245.5798, 492.4487, 209.8083
352.8425, 36.4420, 339.4273, 75.7762
454.1753, 387.2653, 455.8575, 378.9818
180.9671, 464.4350, 231.1970, 464.0107
194.5370, 7.7157, 167.2494, 29.2412
9.4119, 259.0104, 34.3210, 221.1167
223.3457, 12.2333, 167.2494, 29.2412
204.3236, 475.0850, 257.2072, 473.7432
78.9644, 207.9924, 73.8439, 213.9690
136.1973, 461.2266, 107.4460, 426.3575
446.1984, 120.4531, 457.9590, 151.9564
114.9089, 286.8575, 138.4967, 286.1007
119.0267, 347.9495, 68.3473, 357.4411
119.0267, 347.9495, 134.3668, 339.7910
119.0267, 347.9495, 106.6106, 390.7919
119.0267, 347.9495, 121.8399, 361.1057
119.0267, 347.9495, 116.6378, 332.1292
119.0267, 347.9495, 103.4595, 306.1568
334.6555, 113.8949, 283.6749, 125.5478
334.6555, 113.8949, 295.5058, 112.5059
334.6555, 113.8949, 350.6600, 131.7185
334.6555, 113.8949, 336.6173, 124.5759
334.6555, 113.8949, 312.9013, 86.4374
334.6555, 113.8949, 383.5263, 102.4956
382.6564, 153.4390, 397.2588, 159.3632
382.6564, 153.4390, 429.9631, 163.8016
382.6564, 153.4390, 404.5347, 115.2252
382.6564, 153.4390, 409.0147, 154.4915
382.6564, 153.4390, 392.7876, 170.3253
134.3668, 339.7910, 119.0267, 347.9495
361.7543, 5.8838, 325.9470, 13.9157
40.4684, 274.3535, 34.3210, 221.1167
410.0653, 267.2912, 405.8325, 248.3040
304.2102, 104.9965, 283.6749, 125.5478
463.4487, 97.8183, 457.9590, 151.9564
346.9226, 178.5999, 397.2588, 159.3632
106.6106, 390.7919, 119.0267, 347.9495
57.7455, 367.9721, 68.3473, 357.4411
243.4625, 452.0618, 257.2072, 473.7432
440.2867, 307.8415, 462.5582, 340.1381
165.9323, 4.9739, 197.8347, 44.4871
165.9323, 4.9739, 141.1263, 45.0374
165.9323, 4.9739, 127.3070, 33.0504
165.9323, 4.9739, 121.0572, 43.0526
69.0961, 366.6713, 68.3473, 357.4411
419.8656, 316.3875, 427.7771, 353.5131
290.0803, 432.4213, 291.3808, 406.4725
12.5695, 382.2633, 9.9452, 353.8209
376.1598, 184.2450, 397.2588, 159.3632
295.5058, 112.5059, 334.6555, 113.8949
498.2696, 280.2604, 485.8059, 285.0937
100.3353, 471.3198, 57.0796, 430.6915
429.9631, 163.8016, 382.6564, 153.4390
331.1487, 444.1367, 291.3808, 406.4725
236.3706, 473.5390, 257.2072, 473.7432
470.4707, 13.4496, 469.1816, 69.8620
225.9900, 161.8285, 239.4667, 139.3718
78.5042, 140.7269, 58.8317, 161.2113
155.3821, 437.8956, 109.8259, 429.9097
350.6600, 131.7185, 334.6555, 113.8949
399.7496, 475.3522, 379.7745, 423.5129
400.9135, 253.4729, 429.9903, 248.4956
400.9135, 253.4729, 424.6732, 287.9431
400.9135, 253.4729, 423.3834, 282.8662
400.9135, 253.4729, 395.5138, 228.1642
289.6150, 459.9255, 257.2072, 473.7432
475.1145, 280.4903, 473.0112, 336.6730
115.6974, 235.7889, 138.4967, 286.1007
115.6974, 235.7889, 136.2882, 225.8561
219.5701, 157.5420, 230.1756, 198.4436
304.2900, 45.0707, 273.4424, 67.6729
58.3418, 461.5716, 57.0796, 430.6915
480.2589, 180.8807, 459.2953, 190.8173
497.7383, 341.8778, 462.5582, 340.1381
465.8128, 157.9389, 457.9590, 151.9564
424.6732, 287.9431, 400.9135, 253.4729
424.2742, 41.8104, 419.3707, 6.4063
176.6494, 204.2973, 230.1756, 198.4436
404.5347, 115.2252, 382.6564, 153.4390
1.6795, 185.0004, 34.3210, 221.1167
464.4829, 72.6490, 417.5595, 53.5965
377.9972, 451.0022, 397.7511, 432.7898
126.3916, 74.9411, 132.7552, 58.2319
126.3916, 74.9411, 111.4824, 71.8080
136.2882, 225.8561, 115.6974, 235.7889
281.5363, 3.0214, 303.1259, 46.3017
425.1027, 64.7521, 403.6293, 98.9733
384.2708, 39.2400, 419.3707, 6.4063
384.9356, 172.9752, 397.2588, 159.3632
121.8399, 361.1057, 119.0267, 347.9495
28.1329, 213.6162, 34.3210, 221.1167
454.0161, 431.8678, 455.8575, 378.9818
236.3162, 395.5774, 291.3808, 406.4725
336.6173, 124.5759, 334.6555, 113.8949
180.2094, 441.5466, 216.6828, 399.2910
444.5790, 455.8309, 477.2534, 465.2379
111.4824, 71.8080, 126.3916, 74.9411
62.1045, 227.5127, 73.8439, 213.9690
129.7408, 450.5063, 109.8259, 429.9097
502.1011, 207.2208, 451.9361, 177.6791
10.8180, 7.1884, 2.1289, 34.9878
53.1960, 104.5570, 58.8317, 161.2113
484.0353, 348.1140, 462.5582, 340.1381
423.3834, 282.8662, 400.9135, 253.4729
88.5068, 181.7793, 73.8439, 213.9690
94.4093, 201.5311, 73.8439, 213.9690
371.9411, 471.2972, 379.7745, 423.5129
34.6935, 405.7642, 68.3473, 357.4411
395.5138, 228.1642, 400.9135, 253.4729
149.9601, 230.0477, 138.4967, 286.1007
198.0171, 428.2546, 216.6828, 399.2910
141.1263, 45.0374, 165.9323, 4.9739
254.2728, 84.6170, 283.6749, 125.5478
116.6378, 332.1292, 119.0267, 347.9495
446.1362, 426.6947, 455.8575, 378.9818
446.1362, 426.6947, 429.7336, 455.9305
446.1362, 426.6947, 411.2865, 450.7865
406.6366, 374.6298, 427.7771, 353.5131
409.0147, 154.4915, 382.6564, 153.4390
312.9013, 86.4374, 334.6555, 113.8949
429.7336, 455.9305, 446.1362, 426.6947
127.3070, 33.0504, 165.9323, 4.9739
367.6438, 436.5183, 397.7511, 432.7898
425.1030, 6.2207, 419.3707, 6.4063
217.1641, 188.2121, 230.1756, 198.4436
212.3919, 66.7521, 229.7789, 72.1062
308.3611, 442.1612, 291.3808, 406.4725
360.5709, 153.7829, 397.2588, 159.3632
411.2865, 450.7865, 446.1362, 426.6947
81.3177, 251.7938, 73.8439, 213.9690
392.7876, 170.3253, 382.6564, 153.4390
103.4595, 306.1568, 119.0267, 347.9495
147.6764, 67.2413, 132.7552, 58.2319
421.7201, 53.8680, 403.6293, 98.9733
56.4396, 218.4424, 34.3210, 221.1167
209.1421, 450.0230, 257.2072, 473.7432
372.4186, 13.8255, 325.9470, 13.9157
326.7664, 30.9539, 295.3551, 17.6569
121.0572, 43.0526, 165.9323, 4.9739
383.5263, 102.4956, 334.6555, 113.8949
