144.5929, 401.2894, 149.1647, 420.7538
144.5929, 401.2894, 115.2928, 400.5530
144.5929, 401.2894, 141.5844, 353.4051
144.5929, 401.2894, 150.6089, 360.5875
144.5929, 401.2894, 105.8361, 370.5623
144.5929, 401.2894, 152.8526, 388.5910
144.5929, 401.2894, 119.5660, 383.5215
144.5929, 401.2894, 119.0267, 347.9495
310.9905, 66.9250, 281.7796, 58.3148
310.9905, 66.9250, 262.1680, 94.4467
310.9905, 66.9250, 326.6978, 119.4025
310.9905, 66.9250, 352.8425, 36.4420
115.2928, 400.5530, 144.5929, 401.2894
425.5567, 104.7895, 413.8373, 71.9484
408.8134, 255.1139, 458.7562, 276.5836
408.8134, 255.1139, 399.0630, 243.3387
322.3731, 2.4544, 325.1164, 23.1469
12.4683, 328.4526, 43.8326, 373.1670
12.4683, 328.4526, 6.6223, 315.0219
12.4683, 328.4526, 32.9764, 341.3104
86.4829, 330.3110, 57.7217, 379.7912
143.7739, 26.2304, 93.0519, 32.8599
143.7739, 26.2304, 169.0338, 14.1401
143.7739, 26.2304, 155.2055, 55.9168
293.4403, 140.8097, 273.9064, 160.7712
162.6993, 460.2869, 193.5937, 449.4681
98.2471, 165.3607, 114.2938, 181.5519
52.4231, 191.2482, 43.9127, 170.1525
46.7952, 240.3057, 52.8985, 243.0605
374.2657, 2.5183, 325.1164, 23.1469
45.4412, 26.7436, 12.7330, 23.4169
445.7001, 469.1389, 452.6043, 447.7766
445.7001, 469.1389, 477.2534, 465.2379
262.1680, 94.4467, 310.9905, 66.9250
470.4076, 311.5887, 458.7562, 276.5836
399.0630, 243.3387, 408.8134, 255.1139
397.2588, 159.3632, 436.2385, 147.6950
57.0796, 430.6915, 66.5558, 431.9904
2.1289, 34.9878, 12.7330, 23.4169
66.6748, 448.4634, 66.5558, 431.9904
128.8539, 45.6580, 93.0519, 32.8599
326.6978, 119.4025, 310.9905, 66.9250
114.6292, 236.0085, 125.3007, 258.1865
435.8415, 301.8143, 458.7562, 276.5836
40.5537, 282.8752, 52.8985, 243.0605
141.5844, 353.4051, 144.5929, 401.2894
150.6089, 360.5875, 144.5929, 401.2894
114.0855, 2.0980, 93.0519, 32.8599
70.4493, 140.7835, 43.9127, 170.1525
70.4493, 140.7835, 54.1862, 147.5398
70.4493, 140.7835, 79.7513, 131.4026
98.5793, 261.2679, 125.3007, 258.1865
98.5793, 261.2679, 114.9089, 286.8575
105.8361, 370.5623, 144.5929, 401.2894
84.5189, 440.1489, 66.5558, 431.9904
361.5393, 73.6913, 413.8373, 71.9484
364.7113, 88.7311, 413.8373, 71.9484
418.1509, 93.6015, 413.8373, 71.9484
484.4955, 260.6565, 458.7562, 276.5836
112.3233, 101.2579, 140.6612, 57.4435
152.8526, 388.5910, 144.5929, 401.2894
211.2046, 387.3965, 166.6825, 368.3432
133.6684, 468.1105, 149.1647, 420.7538
439.6419, 213.4977, 497.7632, 217.2010
169.0338, 14.1401, 143.7739, 26.2304
499.4321, 324.1320, 485.8059, 285.0937
95.3357, 21.4417, 93.0519, 32.8599
6.6223, 315.0219, 12.4683, 328.4526
54.1862, 147.5398, 70.4493, 140.7835
155.2055, 55.9168, 143.7739, 26.2304
477.2534, 465.2379, 445.7001, 469.1389
455.8575, 378.9818, 407.9211, 381.1303
32.9764, 341.3104, 12.4683, 328.4526
229.7789, 72.1062, 223.3613, 82.3717
325.9470, 13.9157, 325.1164, 23.1469
379.7745, 423.5129, 407.9211, 381.1303
5.2315, 155.8557, 4.9241, 107.4869
417.5595, 53.5965, 413.8373, 71.9484
12.4467, 387.6323, 57.7217, 379.7912
79.7513, 131.4026, 70.4493, 140.7835
216.0700, 123.0088, 223.3613, 82.3717
453.7485, 460.2797, 452.6043, 447.7766
451.9361, 177.6791, 436.2385, 147.6950
326.7327, 148.2463, 273.9064, 160.7712
326.7327, 148.2463, 334.6555, 113.8949
408.2259, 383.0719, 407.9211, 381.1303
408.2259, 383.0719, 409.0455, 371.0669
408.2259, 383.0719, 454.1753, 387.2653
400.3865, 53.0431, 413.8373, 71.9484
409.0455, 371.0669, 408.2259, 383.0719
446.0804, 153.4724, 436.2385, 147.6950
54.0114, 76.7549, 4.9241, 107.4869
119.5660, 383.5215, 144.5929, 401.2894
119.5660, 383.5215, 134.3668, 339.7910
462.8213, 468.6800, 452.6043, 447.7766
502.5118, 245.5798, 458.7562, 276.5836
352.8425, 36.4420, 310.9905, 66.9250
454.1753, 387.2653, 408.2259, 383.0719
180.9671, 464.4350, 193.5937, 449.4681
194.5370, 7.7157, 204.3112, 61.9636
9.4119, 259.0104, 52.8985, 243.0605
223.3457, 12.2333, 204.3112, 61.9636
204.3236, 475.0850, 193.5937, 449.4681
78.9644, 207.9924, 43.9127, 170.1525
136.1973, 461.2266, 193.5937, 449.4681
446.1984, 120.4531, 436.2385, 147.6950
114.9089, 286.8575, 98.5793, 261.2679
119.0267, 347.9495, 144.5929, 401.2894
334.6555, 113.8949, 326.7327, 148.2463
382.6564, 153.4390, 436.2385, 147.6950
134.3668, 339.7910, 119.5660, 383.5215
388.7456, 9.8779, 349.7206, 49.7990
251.2475, 107.0032, 273.4424, 67.6729
251.2475, 107.0032, 301.3097, 124.8147
251.2475, 107.0032, 239.4667, 139.3718
251.2475, 107.0032, 221.5610, 79.1122
251.2475, 107.0032, 273.9064, 160.7712
99.8237, 362.0126, 57.4481, 394.4523
85.2319, 42.0498, 54.4641, 85.1577
85.2319, 42.0498, 88.1062, 6.9662
345.4213, 453.8152, 301.0753, 429.7479
345.4213, 453.8152, 334.0622, 445.3789
1.9899, 243.8035, 23.6357, 298.1127
1.9899, 243.8035, 20.1394, 204.4383
409.5610, 291.5624, 405.8325, 248.3040
409.5610, 291.5624, 394.1024, 342.0549
409.5610, 291.5624, 422.4837, 285.1487
363.7647, 138.9330, 416.3659, 119.6541
462.5582, 340.1381, 443.4772, 363.3025
462.5582, 340.1381, 485.8059, 285.0937
273.4424, 67.6729, 251.2475, 107.0032
273.4424, 67.6729, 295.3551, 17.6569
405.8325, 248.3040, 409.5610, 291.5624
405.8325, 248.3040, 408.1854, 192.0516
405.8325, 248.3040, 425.6879, 256.1582
457.9590, 151.9564, 416.3659, 119.6541
457.9590, 151.9564, 442.5607, 198.7344
45.5915, 143.1332, 19.7980, 170.0185
45.5915, 143.1332, 40.1250, 145.3989
45.5915, 143.1332, 25.4407, 160.8004
45.5915, 143.1332, 54.4641, 85.1577
45.5915, 143.1332, 38.8510, 98.0323
45.5915, 143.1332, 29.2067, 122.1452
57.4481, 394.4523, 99.8237, 362.0126
57.4481, 394.4523, 100.2696, 407.8607
57.4481, 394.4523, 53.8673, 354.4311
57.4481, 394.4523, 45.4138, 380.8327
57.4481, 394.4523, 47.7082, 340.7355
57.4481, 394.4523, 107.4460, 426.3575
57.4481, 394.4523, 12.3141, 407.8516
23.6357, 298.1127, 1.9899, 243.8035
275.9834, 389.9806, 301.0753, 429.7479
275.9834, 389.9806, 291.3808, 406.4725
275.9834, 389.9806, 283.0249, 417.6116
275.9834, 389.9806, 255.5172, 389.8611
100.2696, 407.8607, 57.4481, 394.4523
100.2696, 407.8607, 149.1647, 420.7538
100.2696, 407.8607, 110.2598, 358.1882
177.2329, 359.2123, 166.6825, 368.3432
177.2329, 359.2123, 158.7231, 302.9698
149.1647, 420.7538, 100.2696, 407.8607
149.1647, 420.7538, 193.5937, 449.4681
149.1647, 420.7538, 166.6825, 368.3432
149.1647, 420.7538, 179.3093, 378.0911
149.1647, 420.7538, 93.1732, 399.9577
149.1647, 420.7538, 145.2254, 400.5058
149.1647, 420.7538, 138.9123, 446.4163
149.1647, 420.7538, 144.5929, 401.2894
149.1647, 420.7538, 133.6684, 468.1105
197.8347, 44.4871, 174.5590, 20.5143
197.8347, 44.4871, 221.5610, 79.1122
413.8373, 71.9484, 416.3659, 119.6541
413.8373, 71.9484, 378.2342, 83.7961
413.8373, 71.9484, 452.2291, 27.9994
413.8373, 71.9484, 381.6722, 84.6274
413.8373, 71.9484, 399.8077, 19.8672
413.8373, 71.9484, 403.6293, 98.9733
413.8373, 71.9484, 389.6987, 62.5805
413.8373, 71.9484, 438.9865, 69.7202
413.8373, 71.9484, 425.5567, 104.7895
413.8373, 71.9484, 361.5393, 73.6913
413.8373, 71.9484, 364.7113, 88.7311
413.8373, 71.9484, 418.1509, 93.6015
413.8373, 71.9484, 417.5595, 53.5965
413.8373, 71.9484, 400.3865, 53.0431
193.5937, 449.4681, 149.1647, 420.7538
193.5937, 449.4681, 198.2832, 411.4921
193.5937, 449.4681, 231.1970, 464.0107
193.5937, 449.4681, 181.6846, 392.9211
193.5937, 449.4681, 216.6828, 399.2910
193.5937, 449.4681, 242.2669, 443.7757
193.5937, 449.4681, 199.0086, 461.8340
193.5937, 449.4681, 162.6993, 460.2869
193.5937, 449.4681, 180.9671, 464.4350
193.5937, 449.4681, 204.3236, 475.0850
193.5937, 449.4681, 136.1973, 461.2266
497.7632, 217.2010, 442.5607, 198.7344
497.7632, 217.2010, 492.4487, 209.8083
497.7632, 217.2010, 439.6419, 213.4977
416.3659, 119.6541, 413.8373, 71.9484
416.3659, 119.6541, 363.7647, 138.9330
416.3659, 119.6541, 457.9590, 151.9564
416.3659, 119.6541, 369.8826, 153.0652
301.0753, 429.7479, 345.4213, 453.8152
301.0753, 429.7479, 275.9834, 389.9806
301.0753, 429.7479, 257.6492, 424.4790
301.0753, 429.7479, 277.6063, 399.1627
301.0753, 429.7479, 310.2131, 422.1906
301.0753, 429.7479, 254.5498, 432.9994
301.0753, 429.7479, 308.8155, 401.1435
301.0753, 429.7479, 309.5549, 398.8473
301.0753, 429.7479, 253.8017, 459.6031
301.0753, 429.7479, 309.4233, 467.4339
19.7980, 170.0185, 45.5915, 143.1332
19.7980, 170.0185, 20.1394, 204.4383
19.7980, 170.0185, 43.9127, 170.1525
40.1250, 145.3989, 45.5915, 143.1332
166.6825, 368.3432, 177.2329, 359.2123
166.6825, 368.3432, 149.1647, 420.7538
166.6825, 368.3432, 211.2046, 387.3965
20.1394, 204.4383, 1.9899, 243.8035
20.1394, 204.4383, 19.7980, 170.0185
20.1394, 204.4383, 34.3210, 221.1167
20.1394, 204.4383, 74.8609, 203.9426
20.1394, 204.4383, 15.4652, 215.6780
158.7231, 302.9698, 177.2329, 359.2123
158.7231, 302.9698, 160.4095, 247.4234
158.7231, 302.9698, 151.0639, 243.8711
158.7231, 302.9698, 138.2446, 337.5344
158.7231, 302.9698, 138.4967, 286.1007
174.5590, 20.5143, 197.8347, 44.4871
174.5590, 20.5143, 151.6391, 12.0903
174.5590, 20.5143, 149.1355, 17.8775
174.5590, 20.5143, 173.9993, 9.7247
443.4772, 363.3025, 462.5582, 340.1381
443.4772, 363.3025, 394.1024, 342.0549
443.4772, 363.3025, 427.7771, 353.5131
443.4772, 363.3025, 409.9113, 373.5966
443.4772, 363.3025, 418.0186, 350.5182
443.4772, 363.3025, 473.0112, 336.6730
443.4772, 363.3025, 432.7591, 394.0819
443.4772, 363.3025, 388.6199, 348.8105
442.5607, 198.7344, 497.7632, 217.2010
442.5607, 198.7344, 457.9590, 151.9564
442.5607, 198.7344, 399.8097, 196.2434
301.3097, 124.8147, 251.2475, 107.0032
301.3097, 124.8147, 289.1832, 139.8638
151.6391, 12.0903, 174.5590, 20.5143
239.4667, 139.3718, 251.2475, 107.0032
239.4667, 139.3718, 230.1756, 198.4436
32.3825, 465.9179, 7.4895, 465.4800
32.3825, 465.9179, 23.5566, 453.4585
32.3825, 465.9179, 17.0869, 467.3534
32.3825, 465.9179, 0.8869, 460.3138
171.2128, 235.6431, 160.4095, 247.4234
492.4487, 209.8083, 497.7632, 217.2010
492.4487, 209.8083, 446.4569, 173.9137
492.4487, 209.8083, 486.8369, 150.8927
160.4095, 247.4234, 171.2128, 235.6431
160.4095, 247.4234, 158.7231, 302.9698
291.3808, 406.4725, 275.9834, 389.9806
34.3210, 221.1167, 20.1394, 204.4383
394.1024, 342.0549, 409.5610, 291.5624
394.1024, 342.0549, 443.4772, 363.3025
295.3551, 17.6569, 273.4424, 67.6729
295.3551, 17.6569, 325.1164, 23.1469
151.0639, 243.8711, 158.7231, 302.9698
151.0639, 243.8711, 125.3007, 258.1865
151.0639, 243.8711, 190.3315, 204.0837
339.4273, 75.7762, 325.1164, 23.1469
339.4273, 75.7762, 378.2342, 83.7961
339.4273, 75.7762, 343.0095, 91.9888
339.4273, 75.7762, 292.4870, 87.8561
25.4407, 160.8004, 45.5915, 143.1332
54.4641, 85.1577, 45.5915, 143.1332
54.4641, 85.1577, 85.2319, 42.0498
54.4641, 85.1577, 74.4006, 87.6006
446.4569, 173.9137, 492.4487, 209.8083
110.2598, 358.1882, 100.2696, 407.8607
53.8673, 354.4311, 57.4481, 394.4523
74.4006, 87.6006, 54.4641, 85.1577
325.1164, 23.1469, 339.4273, 75.7762
325.1164, 23.1469, 295.3551, 17.6569
325.1164, 23.1469, 349.7206, 49.7990
325.1164, 23.1469, 310.3314, 10.0746
325.1164, 23.1469, 281.7796, 58.3148
325.1164, 23.1469, 286.9128, 28.5839
325.1164, 23.1469, 321.5697, 4.3892
325.1164, 23.1469, 277.5330, 30.8957
325.1164, 23.1469, 303.1259, 46.3017
325.1164, 23.1469, 360.3539, 4.1218
325.1164, 23.1469, 325.3263, 72.8598
325.1164, 23.1469, 322.3731, 2.4544
325.1164, 23.1469, 374.2657, 2.5183
325.1164, 23.1469, 325.9470, 13.9157
125.3007, 258.1865, 151.0639, 243.8711
125.3007, 258.1865, 99.8427, 207.5923
125.3007, 258.1865, 153.5050, 278.0106
125.3007, 258.1865, 137.3532, 269.6621
125.3007, 258.1865, 143.9627, 303.0672
125.3007, 258.1865, 98.0170, 293.1245
125.3007, 258.1865, 114.6292, 236.0085
125.3007, 258.1865, 98.5793, 261.2679
114.2938, 181.5519, 74.8609, 203.9426
114.2938, 181.5519, 99.8427, 207.5923
114.2938, 181.5519, 58.8317, 161.2113
114.2938, 181.5519, 57.4360, 177.0858
114.2938, 181.5519, 73.8439, 213.9690
114.2938, 181.5519, 87.7968, 209.0851
114.2938, 181.5519, 98.2471, 165.3607
464.8053, 440.4699, 432.7591, 394.0819
7.4895, 465.4800, 32.3825, 465.9179
7.4895, 465.4800, 12.3141, 407.8516
283.0249, 417.6116, 275.9834, 389.9806
74.8609, 203.9426, 20.1394, 204.4383
74.8609, 203.9426, 114.2938, 181.5519
74.8609, 203.9426, 41.6406, 229.4663
74.8609, 203.9426, 52.8985, 243.0605
349.7206, 49.7990, 325.1164, 23.1469
349.7206, 49.7990, 388.7456, 9.8779
349.7206, 49.7990, 348.6544, 89.9780
221.5610, 79.1122, 251.2475, 107.0032
221.5610, 79.1122, 197.8347, 44.4871
221.5610, 79.1122, 177.0116, 44.4776
221.5610, 79.1122, 230.7562, 61.9808
221.5610, 79.1122, 204.3112, 61.9636
255.5172, 389.8611, 275.9834, 389.9806
255.5172, 389.8611, 243.9465, 401.9276
45.4138, 380.8327, 57.4481, 394.4523
99.8427, 207.5923, 125.3007, 258.1865
99.8427, 207.5923, 114.2938, 181.5519
149.1355, 17.8775, 174.5590, 20.5143
149.1355, 17.8775, 93.0519, 32.8599
15.4652, 215.6780, 20.1394, 204.4383
422.4837, 285.1487, 409.5610, 291.5624
394.4883, 403.8904, 409.9113, 373.5966
394.4883, 403.8904, 384.0817, 399.7864
310.3314, 10.0746, 325.1164, 23.1469
378.2342, 83.7961, 413.8373, 71.9484
378.2342, 83.7961, 339.4273, 75.7762
243.9465, 401.9276, 255.5172, 389.8611
243.9465, 401.9276, 198.2832, 411.4921
88.1062, 6.9662, 85.2319, 42.0498
88.1062, 6.9662, 93.0519, 32.8599
427.7771, 353.5131, 443.4772, 363.3025
230.1756, 198.4436, 239.4667, 139.3718
58.8317, 161.2113, 114.2938, 181.5519
47.7082, 340.7355, 57.4481, 394.4523
38.8510, 98.0323, 45.5915, 143.1332
38.8510, 98.0323, 28.5406, 141.6024
38.8510, 98.0323, 4.9241, 107.4869
289.1832, 139.8638, 301.3097, 124.8147
289.1832, 139.8638, 309.8097, 175.1807
177.0116, 44.4776, 221.5610, 79.1122
409.9113, 373.5966, 443.4772, 363.3025
409.9113, 373.5966, 394.4883, 403.8904
198.2832, 411.4921, 193.5937, 449.4681
198.2832, 411.4921, 243.9465, 401.9276
418.0186, 350.5182, 443.4772, 363.3025
107.4460, 426.3575, 57.4481, 394.4523
107.4460, 426.3575, 129.7676, 434.8649
486.8369, 150.8927, 492.4487, 209.8083
486.8369, 150.8927, 436.2385, 147.6950
486.8369, 150.8927, 498.4142, 108.9004
436.2385, 147.6950, 486.8369, 150.8927
436.2385, 147.6950, 408.1854, 192.0516
436.2385, 147.6950, 413.8931, 137.2085
436.2385, 147.6950, 386.3463, 152.8636
436.2385, 147.6950, 449.7038, 147.1341
436.2385, 147.6950, 407.1647, 130.4562
436.2385, 147.6950, 461.1234, 116.0845
436.2385, 147.6950, 459.2953, 190.8173
436.2385, 147.6950, 397.2588, 159.3632
436.2385, 147.6950, 451.9361, 177.6791
436.2385, 147.6950, 446.0804, 153.4724
436.2385, 147.6950, 446.1984, 120.4531
436.2385, 147.6950, 382.6564, 153.4390
12.7330, 23.4169, 44.0965, 55.6346
12.7330, 23.4169, 34.1991, 17.7692
12.7330, 23.4169, 29.6826, 43.7679
12.7330, 23.4169, 14.9461, 5.4400
12.7330, 23.4169, 40.7446, 38.9913
12.7330, 23.4169, 45.4412, 26.7436
12.7330, 23.4169, 2.1289, 34.9878
93.0519, 32.8599, 88.1062, 6.9662
93.0519, 32.8599, 149.1355, 17.8775
93.0519, 32.8599, 132.7552, 58.2319
93.0519, 32.8599, 44.0965, 55.6346
93.0519, 32.8599, 140.6612, 57.4435
93.0519, 32.8599, 119.1221, 42.7503
93.0519, 32.8599, 143.7739, 26.2304
93.0519, 32.8599, 128.8539, 45.6580
93.0519, 32.8599, 114.0855, 2.0980
93.0519, 32.8599, 95.3357, 21.4417
129.7676, 434.8649, 107.4460, 426.3575
230.7562, 61.9808, 221.5610, 79.1122
230.7562, 61.9808, 281.7992, 76.5659
408.1854, 192.0516, 436.2385, 147.6950
408.1854, 192.0516, 405.8325, 248.3040
408.1854, 192.0516, 404.7158, 245.0275
12.3141, 407.8516, 57.4481, 394.4523
12.3141, 407.8516, 7.4895, 465.4800
12.3141, 407.8516, 43.8326, 373.1670
12.3141, 407.8516, 66.5558, 431.9904
138.2446, 337.5344, 158.7231, 302.9698
138.2446, 337.5344, 103.1999, 319.5732
138.2446, 337.5344, 145.5224, 343.1008
138.2446, 337.5344, 119.3023, 368.0030
179.3093, 378.0911, 149.1647, 420.7538
425.6879, 256.1582, 405.8325, 248.3040
425.6879, 256.1582, 404.5991, 298.7194
425.6879, 256.1582, 458.7562, 276.5836
281.7796, 58.3148, 325.1164, 23.1469
281.7796, 58.3148, 310.9905, 66.9250
190.3315, 204.0837, 151.0639, 243.8711
257.6492, 424.4790, 301.0753, 429.7479
257.6492, 424.4790, 257.2072, 473.7432
399.8097, 196.2434, 442.5607, 198.7344
93.1732, 399.9577, 149.1647, 420.7538
93.1732, 399.9577, 109.8259, 429.9097
286.9128, 28.5839, 325.1164, 23.1469
498.4142, 108.9004, 486.8369, 150.8927
498.4142, 108.9004, 469.1816, 69.8620
309.8097, 175.1807, 289.1832, 139.8638
404.5991, 298.7194, 425.6879, 256.1582
413.8931, 137.2085, 436.2385, 147.6950
138.4967, 286.1007, 158.7231, 302.9698
473.0112, 336.6730, 443.4772, 363.3025
132.7552, 58.2319, 93.0519, 32.8599
231.1970, 464.0107, 193.5937, 449.4681
343.0095, 91.9888, 339.4273, 75.7762
23.5566, 453.4585, 32.3825, 465.9179
432.7591, 394.0819, 464.8053, 440.4699
432.7591, 394.0819, 443.4772, 363.3025
432.7591, 394.0819, 452.6043, 447.7766
485.8059, 285.0937, 462.5582, 340.1381
485.8059, 285.0937, 499.4321, 324.1320
469.1816, 69.8620, 498.4142, 108.9004
57.4360, 177.0858, 114.2938, 181.5519
386.3463, 152.8636, 436.2385, 147.6950
321.5697, 4.3892, 325.1164, 23.1469
273.9064, 160.7712, 251.2475, 107.0032
273.9064, 160.7712, 270.8264, 119.2018
273.9064, 160.7712, 290.3497, 138.5895
273.9064, 160.7712, 283.6749, 125.5478
273.9064, 160.7712, 293.4403, 140.8097
273.9064, 160.7712, 326.7327, 148.2463
452.6043, 447.7766, 432.7591, 394.0819
452.6043, 447.7766, 442.7470, 419.2570
452.6043, 447.7766, 485.5322, 464.2869
452.6043, 447.7766, 408.7108, 433.3514
452.6043, 447.7766, 406.5723, 441.9752
452.6043, 447.7766, 397.7511, 432.7898
452.6043, 447.7766, 445.7001, 469.1389
452.6043, 447.7766, 453.7485, 460.2797
452.6043, 447.7766, 462.8213, 468.6800
452.2291, 27.9994, 413.8373, 71.9484
452.2291, 27.9994, 419.3707, 6.4063
204.3112, 61.9636, 221.5610, 79.1122
204.3112, 61.9636, 172.6921, 61.6785
204.3112, 61.9636, 240.5193, 47.6816
204.3112, 61.9636, 223.3613, 82.3717
204.3112, 61.9636, 167.2494, 29.2412
204.3112, 61.9636, 207.7154, 18.2176
204.3112, 61.9636, 194.5370, 7.7157
204.3112, 61.9636, 223.3457, 12.2333
43.8326, 373.1670, 12.3141, 407.8516
43.8326, 373.1670, 72.1993, 333.1495
43.8326, 373.1670, 68.3473, 357.4411
43.8326, 373.1670, 12.4683, 328.4526
153.5050, 278.0106, 125.3007, 258.1865
442.7470, 419.2570, 452.6043, 447.7766
28.5406, 141.6024, 38.8510, 98.0323
348.6544, 89.9780, 349.7206, 49.7990
404.7158, 245.0275, 408.1854, 192.0516
381.6722, 84.6274, 413.8373, 71.9484
41.6406, 229.4663, 74.8609, 203.9426
103.1999, 319.5732, 138.2446, 337.5344
399.8077, 19.8672, 413.8373, 71.9484
485.5322, 464.2869, 452.6043, 447.7766
277.5330, 30.8957, 325.1164, 23.1469
173.9993, 9.7247, 174.5590, 20.5143
403.6293, 98.9733, 413.8373, 71.9484
72.1993, 333.1495, 43.8326, 373.1670
72.1993, 333.1495, 18.8103, 323.1256
29.2067, 122.1452, 45.5915, 143.1332
257.2072, 473.7432, 257.6492, 424.4790
73.8439, 213.9690, 114.2938, 181.5519
303.1259, 46.3017, 325.1164, 23.1469
145.5224, 343.1008, 138.2446, 337.5344
277.6063, 399.1627, 301.0753, 429.7479
292.4870, 87.8561, 339.4273, 75.7762
310.2131, 422.1906, 301.0753, 429.7479
254.5498, 432.9994, 301.0753, 429.7479
172.6921, 61.6785, 204.3112, 61.9636
334.0622, 445.3789, 345.4213, 453.8152
308.8155, 401.1435, 301.0753, 429.7479
109.8259, 429.9097, 93.1732, 399.9577
4.9241, 107.4869, 38.8510, 98.0323
4.9241, 107.4869, 9.7511, 72.2027
4.9241, 107.4869, 5.2315, 155.8557
4.9241, 107.4869, 54.0114, 76.7549
66.5558, 431.9904, 12.3141, 407.8516
66.5558, 431.9904, 57.7217, 379.7912
66.5558, 431.9904, 57.0796, 430.6915
66.5558, 431.9904, 66.6748, 448.4634
66.5558, 431.9904, 84.5189, 440.1489
458.7562, 276.5836, 425.6879, 256.1582
458.7562, 276.5836, 429.9903, 248.4956
458.7562, 276.5836, 469.7702, 328.9560
458.7562, 276.5836, 408.8134, 255.1139
458.7562, 276.5836, 470.4076, 311.5887
458.7562, 276.5836, 435.8415, 301.8143
458.7562, 276.5836, 484.4955, 260.6565
458.7562, 276.5836, 502.5118, 245.5798
44.0965, 55.6346, 12.7330, 23.4169
44.0965, 55.6346, 93.0519, 32.8599
388.6199, 348.8105, 443.4772, 363.3025
388.6199, 348.8105, 422.4380, 338.9268
43.9127, 170.1525, 19.7980, 170.0185
43.9127, 170.1525, 52.4231, 191.2482
43.9127, 170.1525, 70.4493, 140.7835
43.9127, 170.1525, 78.9644, 207.9924
389.6987, 62.5805, 413.8373, 71.9484
137.3532, 269.6621, 125.3007, 258.1865
18.8103, 323.1256, 72.1993, 333.1495
240.5193, 47.6816, 204.3112, 61.9636
309.5549, 398.8473, 301.0753, 429.7479
369.8826, 153.0652, 416.3659, 119.6541
34.1991, 17.7692, 12.7330, 23.4169
281.7992, 76.5659, 230.7562, 61.9808
9.7511, 72.2027, 4.9241, 107.4869
17.0869, 467.3534, 32.3825, 465.9179
181.6846, 392.9211, 193.5937, 449.4681
119.3023, 368.0030, 138.2446, 337.5344
429.9903, 248.4956, 458.7562, 276.5836
449.7038, 147.1341, 436.2385, 147.6950
68.3473, 357.4411, 43.8326, 373.1670
216.6828, 399.2910, 193.5937, 449.4681
270.8264, 119.2018, 273.9064, 160.7712
29.6826, 43.7679, 12.7330, 23.4169
87.7968, 209.0851, 114.2938, 181.5519
408.7108, 433.3514, 452.6043, 447.7766
290.3497, 138.5895, 273.9064, 160.7712
253.8017, 459.6031, 301.0753, 429.7479
406.5723, 441.9752, 452.6043, 447.7766
309.4233, 467.4339, 301.0753, 429.7479
309.4233, 467.4339, 301.4794, 421.6980
360.3539, 4.1218, 325.1164, 23.1469
145.2254, 400.5058, 149.1647, 420.7538
223.3613, 82.3717, 204.3112, 61.9636
223.3613, 82.3717, 229.7789, 72.1062
223.3613, 82.3717, 216.0700, 123.0088
57.7217, 379.7912, 66.5558, 431.9904
57.7217, 379.7912, 9.9452, 353.8209
57.7217, 379.7912, 8.5225, 409.9761
57.7217, 379.7912, 86.4829, 330.3110
57.7217, 379.7912, 12.4467, 387.6323
143.9627, 303.0672, 125.3007, 258.1865
384.0817, 399.7864, 394.4883, 403.8904
384.0817, 399.7864, 387.5821, 421.1261
384.0817, 399.7864, 407.9211, 381.1303
52.8985, 243.0605, 74.8609, 203.9426
52.8985, 243.0605, 19.2999, 206.4315
52.8985, 243.0605, 46.7952, 240.3057
52.8985, 243.0605, 40.5537, 282.8752
52.8985, 243.0605, 9.4119, 259.0104
325.3263, 72.8598, 325.1164, 23.1469
0.8869, 460.3138, 32.3825, 465.9179
407.1647, 130.4562, 436.2385, 147.6950
140.6612, 57.4435, 93.0519, 32.8599
140.6612, 57.4435, 112.3233, 101.2579
242.2669, 443.7757, 193.5937, 449.4681
461.1234, 116.0845, 436.2385, 147.6950
199.0086, 461.8340, 193.5937, 449.4681
138.9123, 446.4163, 149.1647, 420.7538
387.5821, 421.1261, 384.0817, 399.7864
438.9865, 69.7202, 413.8373, 71.9484
397.7511, 432.7898, 452.6043, 447.7766
422.4380, 338.9268, 388.6199, 348.8105
119.1221, 42.7503, 93.0519, 32.8599
98.0170, 293.1245, 125.3007, 258.1865
469.7702, 328.9560, 458.7562, 276.5836
283.6749, 125.5478, 273.9064, 160.7712
9.9452, 353.8209, 57.7217, 379.7912
19.2999, 206.4315, 52.8985, 243.0605
419.3707, 6.4063, 452.2291, 27.9994
14.9461, 5.4400, 12.7330, 23.4169
167.2494, 29.2412, 204.3112, 61.9636
301.4794, 421.6980, 309.4233, 467.4339
207.7154, 18.2176, 204.3112, 61.9636
40.7446, 38.9913, 12.7330, 23.4169
407.9211, 381.1303, 384.0817, 399.7864
407.9211, 381.1303, 455.8575, 378.9818
407.9211, 381.1303, 379.7745, 423.5129
407.9211, 381.1303, 408.2259, 383.0719
8.5225, 409.9761, 57.7217, 379.7912
459.2953, 190.8173, 436.2385, 147.6950
