388.7456, 9.8779, 349.7206, 49.7990
251.2475, 107.0032, 273.4424, 67.6729
251.2475, 107.0032, 239.4667, 139.3718
99.8237, 362.0126, 57.4481, 394.4523
99.8237, 362.0126, 100.2696, 407.8607
99.8237, 362.0126, 110.2598, 358.1882
99.8237, 362.0126, 53.8673, 354.4311
85.2319, 42.0498, 54.4641, 85.1577
85.2319, 42.0498, 74.4006, 87.6006
1.9899, 243.8035, 23.6357, 298.1127
1.9899, 243.8035, 20.1394, 204.4383
1.9899, 243.8035, 34.3210, 221.1167
409.5610, 291.5624, 405.8325, 248.3040
409.5610, 291.5624, 394.1024, 342.0549
363.7647, 138.9330, 416.3659, 119.6541
462.5582, 340.1381, 443.4772, 363.3025
273.4424, 67.6729, 251.2475, 107.0032
273.4424, 67.6729, 295.3551, 17.6569
405.8325, 248.3040, 409.5610, 291.5624
457.9590, 151.9564, 416.3659, 119.6541
457.9590, 151.9564, 442.5607, 198.7344
457.9590, 151.9564, 446.4569, 173.9137
45.5915, 143.1332, 19.7980, 170.0185
45.5915, 143.1332, 40.1250, 145.3989
45.5915, 143.1332, 25.4407, 160.8004
45.5915, 143.1332, 54.4641, 85.1577
57.4481, 394.4523, 99.8237, 362.0126
57.4481, 394.4523, 100.2696, 407.8607
57.4481, 394.4523, 53.8673, 354.4311
23.6357, 298.1127, 1.9899, 243.8035
100.2696, 407.8607, 99.8237, 362.0126
100.2696, 407.8607, 57.4481, 394.4523
100.2696, 407.8607, 149.1647, 420.7538
100.2696, 407.8607, 110.2598, 358.1882
177.2329, 359.2123, 158.7231, 302.9698
149.1647, 420.7538, 100.2696, 407.8607
149.1647, 420.7538, 193.5937, 449.4681
149.1647, 420.7538, 166.6825, 368.3432
197.8347, 44.4871, 174.5590, 20.5143
197.8347, 44.4871, 151.6391, 12.0903
413.8373, 71.9484, 416.3659, 119.6541
193.5937, 449.4681, 149.1647, 420.7538
497.7632, 217.2010, 492.4487, 209.8083
416.3659, 119.6541, 457.9590, 151.9564
416.3659, 119.6541, 413.8373, 71.9484
416.3659, 119.6541, 363.7647, 138.9330
301.0753, 429.7479, 291.3808, 406.4725
301.0753, 429.7479, 283.0249, 417.6116
19.7980, 170.0185, 45.5915, 143.1332
19.7980, 170.0185, 40.1250, 145.3989
19.7980, 170.0185, 20.1394, 204.4383
19.7980, 170.0185, 34.3210, 221.1167
19.7980, 170.0185, 25.4407, 160.8004
40.1250, 145.3989, 45.5915, 143.1332
40.1250, 145.3989, 19.7980, 170.0185
40.1250, 145.3989, 25.4407, 160.8004
166.6825, 368.3432, 149.1647, 420.7538
20.1394, 204.4383, 1.9899, 243.8035
20.1394, 204.4383, 19.7980, 170.0185
20.1394, 204.4383, 34.3210, 221.1167
20.1394, 204.4383, 25.4407, 160.8004
20.1394, 204.4383, 74.8609, 203.9426
158.7231, 302.9698, 177.2329, 359.2123
158.7231, 302.9698, 160.4095, 247.4234
158.7231, 302.9698, 151.0639, 243.8711
174.5590, 20.5143, 197.8347, 44.4871
174.5590, 20.5143, 151.6391, 12.0903
443.4772, 363.3025, 462.5582, 340.1381
443.4772, 363.3025, 394.1024, 342.0549
442.5607, 198.7344, 457.9590, 151.9564
442.5607, 198.7344, 492.4487, 209.8083
442.5607, 198.7344, 446.4569, 173.9137
151.6391, 12.0903, 197.8347, 44.4871
151.6391, 12.0903, 174.5590, 20.5143
239.4667, 139.3718, 251.2475, 107.0032
32.3825, 465.9179, 7.4895, 465.4800
171.2128, 235.6431, 160.4095, 247.4234
492.4487, 209.8083, 497.7632, 217.2010
492.4487, 209.8083, 442.5607, 198.7344
160.4095, 247.4234, 158.7231, 302.9698
160.4095, 247.4234, 171.2128, 235.6431
160.4095, 247.4234, 151.0639, 243.8711
291.3808, 406.4725, 301.0753, 429.7479
291.3808, 406.4725, 283.0249, 417.6116
34.3210, 221.1167, 20.1394, 204.4383
34.3210, 221.1167, 1.9899, 243.8035
34.3210, 221.1167, 19.7980, 170.0185
34.3210, 221.1167, 74.8609, 203.9426
394.1024, 342.0549, 409.5610, 291.5624
394.1024, 342.0549, 443.4772, 363.3025
295.3551, 17.6569, 273.4424, 67.6729
295.3551, 17.6569, 325.1164, 23.1469
151.0639, 243.8711, 158.7231, 302.9698
151.0639, 243.8711, 160.4095, 247.4234
151.0639, 243.8711, 125.3007, 258.1865
339.4273, 75.7762, 325.1164, 23.1469
339.4273, 75.7762, 349.7206, 49.7990
25.4407, 160.8004, 40.1250, 145.3989
25.4407, 160.8004, 45.5915, 143.1332
25.4407, 160.8004, 20.1394, 204.4383
25.4407, 160.8004, 19.7980, 170.0185
54.4641, 85.1577, 85.2319, 42.0498
54.4641, 85.1577, 45.5915, 143.1332
54.4641, 85.1577, 74.4006, 87.6006
446.4569, 173.9137, 457.9590, 151.9564
446.4569, 173.9137, 442.5607, 198.7344
110.2598, 358.1882, 99.8237, 362.0126
110.2598, 358.1882, 100.2696, 407.8607
110.2598, 358.1882, 53.8673, 354.4311
53.8673, 354.4311, 99.8237, 362.0126
53.8673, 354.4311, 57.4481, 394.4523
53.8673, 354.4311, 110.2598, 358.1882
74.4006, 87.6006, 85.2319, 42.0498
74.4006, 87.6006, 54.4641, 85.1577
325.1164, 23.1469, 295.3551, 17.6569
325.1164, 23.1469, 339.4273, 75.7762
325.1164, 23.1469, 349.7206, 49.7990
125.3007, 258.1865, 151.0639, 243.8711
7.4895, 465.4800, 32.3825, 465.9179
283.0249, 417.6116, 301.0753, 429.7479
283.0249, 417.6116, 291.3808, 406.4725
74.8609, 203.9426, 20.1394, 204.4383
74.8609, 203.9426, 34.3210, 221.1167
349.7206, 49.7990, 325.1164, 23.1469
349.7206, 49.7990, 339.4273, 75.7762
349.7206, 49.7990, 388.7456, 9.8779
